50 0 1
50 2 1
50 4 1
50 6 1
50 8 1
50 10 1
50 12 1
50 14 1
50 16 1
50 18 1
50 20 1
50 22 1
50 24 1
50 26 1
50 28 1
50 30 1
50 32 1
50 34 1
50 36 1
50 38 1
50 40 1
50 42 1
50 44 1
50 46 1
50 48 1
50 50 1
50 52 1
50 54 1
50 56 1
50 58 1
50 60 1
50 62 1
50 64 1
50 66 1
50 68 1
50 70 1
50 72 1
50 74 1
50 76 1
50 78 1
50 80 1
50 82 1
50 84 1
50 86 1
50 88 1
50 90 1
50 92 1
50 94 1
50 96 1
50 98 1
50 100 1
50 102 1
50 104 1
50 106 1
50 108 1
50 110 1
50 112 1
50 114 1
50 116 1
50 118 1
50 120 1
50 122 1
50 124 1
50 126 1
50 128 1
50 130 1
50 132 1
50 134 1
50 136 1
50 138 1
50 140 1
50 142 1
50 144 1
50 146 1
50 148 1
50 150 1
50 152 1
50 154 1
50 156 1
50 158 1
50 160 1
50 162 1
50 164 1
50 166 1
50 168 1
50 170 1
50 172 1
50 174 1
50 176 1
50 178 1
50 180 1
50 182 1
50 184 1
50 186 1
50 188 1
50 190 1
50 192 1
50 194 1
50 196 1
50 198 1
50 200 1
50 202 1
50 204 1
50 206 1
50 208 1
50 210 1
50 212 1
50 214 1
50 216 1
50 218 1
50 220 1
50 222 1
50 224 1
50 226 1
50 228 1
50 230 1
50 232 1
50 234 1
50 236 1
50 238 1
50 240 1
50 242 1
50 244 1
50 246 1
50 248 1
50 250 1
50 252 1
50 254 1
50 256 1
50 258 1
50 260 1
50 262 1
50 264 1
50 266 1
50 268 1
50 270 1
50 272 1
50 274 1
50 276 1
50 278 1
50 280 1
50 282 1
50 284 1
50 286 1
50 288 1
50 290 1
50 292 1
50 294 1
50 296 1
50 298 1
50 300 1
50 302 1
50 304 1
50 306 1
50 308 1
50 310 1
50 312 1
50 314 1
50 316 1
50 318 1
50 320 1
50 322 1
50 324 1
50 326 1
50 328 1
50 330 1
50 332 1
50 334 1
50 336 1
50 338 1
50 340 1
50 342 1
50 344 1
50 346 1
50 348 1
50 350 1
50 352 1
50 354 1
50 356 1
50 358 1
50 360 1
50 362 1
50 364 1
50 366 1
50 368 1
50 370 1
50 372 1
50 374 1
50 376 1
50 378 1
50 380 1
50 382 1
50 384 1
50 386 1
50 388 1
50 390 1
50 392 1
50 394 1
50 396 1
50 398 1
50 400 1
50 402 1
50 404 1
50 406 1
50 408 1
50 410 1
50 412 1
50 414 1
50 416 1
50 418 1
50 420 1
50 422 1
50 424 1
50 426 1
50 428 1
50 430 1
50 432 1
50 434 1
50 436 1
50 438 1
50 440 1
50 442 1
50 444 1
50 446 1
50 448 1
50 450 1
50 452 1
50 454 1
50 456 1
50 458 1
50 460 1
50 462 1
50 464 1
50 466 1
50 468 1
50 470 1
50 472 1
50 474 1
50 476 1
50 478 1
50 480 1
50 482 1
50 484 1
50 486 1
50 488 1
50 490 1
50 492 1
50 494 1
50 496 1
50 498 1
50 500 1
50 502 1
50 504 1
50 506 1
50 508 1
50 510 1
50 512 1
50 514 1
50 516 1
50 518 1
50 520 1
50 522 1
50 524 1
50 526 1
50 528 1
50 530 1
50 532 1
50 534 1
50 536 1
50 538 1
50 540 1
50 542 1
50 544 1
50 546 1
50 548 1
50 550 1
50 552 1
50 554 1
50 556 1
50 558 1
50 560 1
50 562 1
50 564 1
50 566 1
50 568 1
50 570 1
50 572 1
50 574 1
50 576 1
50 578 1
50 580 1
50 582 1
50 584 1
50 586 1
50 588 1
50 590 1
50 592 1
50 594 1
50 596 1
50 598 1
50 600 1
50 602 1
50 604 1
50 606 1
50 608 1
50 610 1
50 612 1
50 614 1
50 616 1
50 618 1
50 620 1
50 622 1
50 624 1
50 626 1
50 628 1
50 630 1
50 632 1
50 634 1
50 636 1
50 638 1
50 640 1
50 642 1
50 644 1
50 646 1
50 648 1
50 650 1
50 652 1
50 654 1
50 656 1
50 658 1
50 660 1
50 662 1
50 664 1
50 666 1
50 668 1
50 670 1
50 672 1
50 674 1
50 676 1
50 678 1
50 680 1
50 682 1
50 684 1
50 686 1
50 688 0.99999999999999988897769753748434595763683319091797
50 690 0.99999999999999988897769753748434595763683319091797
50 692 0.99999999999999977795539507496869191527366638183594
50 694 0.99999999999999955591079014993738383054733276367188
50 696 0.99999999999999900079927783735911361873149871826172
50 698 0.99999999999999811262085813723388127982616424560547
50 700 0.99999999999999622524171627446776255965232849121094
50 702 0.99999999999999267252803747396683320403099060058594
50 704 0.99999999999998601118988972302759066224098205566406
50 706 0.9999999999999733546474089962430298328399658203125
50 708 0.99999999999994981791928694292437285184860229492188
50 710 0.99999999999990618615441917427233420312404632568359
50 712 0.99999999999982602805204123797011561691761016845703
50 714 0.99999999999968025576890795491635799407958984375
50 716 0.9999999999994173549566767178475856781005859375
50 718 0.99999999999894728652805042656837031245231628417969
50 720 0.99999999999811384210346432155347429215908050537109
50 722 0.99999999999664845873326157743576914072036743164062
50 724 0.99999999999409394657590155475190840661525726318359
50 726 0.9999999999896775904062451445497572422027587890625
50 728 0.99999999998210520324448680185014382004737854003906
50 730 0.99999999996922750433725468610646203160285949707031
50 732 0.99999999994750565779355611084611155092716217041016
50 734 0.99999999991116117481482206130749545991420745849609
50 736 0.99999999985083676268260433062096126377582550048828
50 738 0.99999999975150621889241620010579936206340789794922
50 740 0.99999999958923757592543779537663795053958892822266
50 742 0.99999999932622674059246037359116598963737487792969
50 744 0.99999999890324187123979982061428017914295196533203
50 746 0.99999999822822627226770464403671212494373321533203
50 748 0.99999999715925658172466228279517963528633117675781
50 750 0.999999995479274872423047781921923160552978515625
50 752 0.99999999285894403122654239268740639090538024902344
50 754 0.99999998880250706712047303881263360381126403808594
50 756 0.99999998256953781528011404589051380753517150878906
50 758 0.99999997306280341557993551759864203631877899169922
50 760 0.99999995866891178142310536713921464979648590087891
50 762 0.99999993703376355291823074367130175232887268066406
50 764 0.99999990474878563961880217902944423258304595947266
50 766 0.99999985691616277705406901077367365360260009765625
50 768 0.99999978655143506589553226149291731417179107666016
50 770 0.99999968376947523385211979984887875616550445556641
50 772 0.99999953468455060612285478782723657786846160888672
50 774 0.99999931993644708416724142807652242481708526611328
50 776 0.99999901273201874385421206170576624572277069091797
50 778 0.99999857626459598414214724471094086766242980957031
50 780 0.99999796034209320616525928926421329379081726074219
50 782 0.99999709701815653328793587206746451556682586669922
50 784 0.99999589497925756020890730724204331636428833007812
50 786 0.99999423239445828226479306977125816047191619873047
50 788 0.99999194788419942803159301547566428780555725097656
50 790 0.99998882921083132035988683128380216658115386962891
50 792 0.99998459923813987071383735383278690278530120849609
50 794 0.99997889865182043589442173470160923898220062255859
50 796 0.99997126488028931223794870675192214548587799072266
50 798 0.99996110660866166508498054099618457257747650146484
50 800 0.99994767324203115421710208465810865163803100585938
50 802 0.99993001865187525201150720022269524633884429931641
50 804 0.99990695853648092761289944974123500287532806396484
50 806 0.99987702074815032471377662659506313502788543701172
50 808 0.99983838799214574954987710952991619706153869628906
50 810 0.99978883239040072794523439370095729827880859375
50 812 0.99972564153195064839962924452265724539756774902344
50 814 0.99964553580617132588770346046658232808113098144531
50 816 0.99954457703733201601181690421071834862232208251953
50 818 0.99941806871108140875037406658520922064781188964844
50 820 0.99926044840479832931379178262432105839252471923828
50 822 0.99906517340121880899062034586677327752113342285156
50 824 0.99882460087260638292860903675318695604801177978516
50 826 0.99852986446232694373037475088494829833507537841797
50 828 0.99817074955024642779477517251507379114627838134766
50 830 0.99773556995300349825583907659165561199188232421875
50 832 0.99721104926273773649825216125464066863059997558594
50 834 0.99658221044796624354944469814654439687728881835938
50 836 0.99583227770724669358770597682450897991657257080078
50 838 0.99494259485689073851943931003916077315807342529297
50 840 0.99389256472683140675172808187198825180530548095703
50 842 0.99265961411247138901359221563325263559818267822266
50 844 0.99121918876620351834816347036394290626049041748047
50 846 0.98954478269539569712520687971846200525760650634766
50 848 0.98760800565443995768788454370223917067050933837891
50 850 0.98537869216939433236746026523178443312644958496094
50 852 0.98282505472163272930430366614018566906452178955078
50 854 0.97991388284384317586273027700372040271759033203125
50 856 0.97661078887061936182334420664119534194469451904297
50 858 0.97288049995373448997071363919530995190143585205078
50 860 0.96868719473257669516641499285469762980937957763672
50 862 0.96399488177770231711605219970806501805782318115234
50 864 0.9587678156374881410783928004093468189239501953125
50 866 0.95297094506276536218791761712054722011089324951172
50 868 0.94657038680002769659438399685313925147056579589844
50 870 0.93953391728013635475491582838003523647785186767578
50 872 0.93183147362514040512593282983289100229740142822266
50 874 0.92343565468657384798234488698653876781463623046875
50 876 0.91432221235191823982546566185192205011844635009766
50 878 0.90447052312763254189320605291868560016155242919922
50 880 0.89386403005005499178281525018974207341670989990234
50 882 0.88249064529056497896419841708848252892494201660156
50 884 0.87034310440767748140444837190443649888038635253906
50 886 0.85741926404137169814845265136682428419589996337891
50 888 0.84372233592163936588548267536680214107036590576172
50 890 0.82926105134252980910503083578078076243400573730469
50 892 0.81404975169986593108717443101340904831886291503906
50 894 0.79810840225253742996613937066285870969295501708984
50 896 0.78146252791377202040479232891811989247798919677734
50 898 0.76414307153805494099430006826878525316715240478516
50 900 0.74618617681475984948491486647981218993663787841797
50 902 0.72763289944614184534543710469733923673629760742188
50 904 0.70852885174437540971581483972840942442417144775391
50 906 0.68892378708176260637685572874033823609352111816406
50 908 0.66887113174342116561632565208128653466701507568359
50 910 0.64842747263715405647843681435915641486644744873047
50 912 0.62765200998831338630168374947970733046531677246094
50 914 0.60660598458958214784786378004355356097221374511719
50 916 0.58535208936993465833609207038534805178642272949219
50 918 0.56395387501602434188185952734784223139286041259766
50 920 0.54247515912427801687556438992032781243324279785156
50 922 0.52097944790292438632661742303753271698951721191406
50 924 0.49952937881230341510274683969328179955482482910156
50 926 0.47818619174317911202365394274238497018814086914062
50 928 0.45700923542618615558197348036628682166337966918945
50 930 0.43605551477136689220159837532264646142721176147461
50 932 0.41537928377679195213190155300253536552190780639648
50 934 0.39503168756504952741082092870783526450395584106445
50 936 0.37506045601996212957018883571436163038015365600586
50 938 0.35550965044246551904905118135502561926841735839844
50 940 0.33641946363488711702061095820681657642126083374023
50 942 0.31782607288795244881995927244133781641721725463867
50 944 0.29976154449383274336327076525776647031307220458984
50 946 0.28225378765351727405885640109772793948650360107422
50 948 0.26532655500226159928089941786311101168394088745117
50 950 0.2489994864371382898848850118156406097114086151123
50 952 0.23328819250960014519691299028636422008275985717773
50 954 0.21820437332836797872381850993406260386109352111816
50 956 0.20375596871242346308505943852651398628950119018555
50 958 0.18994733522244275358836773648363305255770683288574
50 960 0.17677944568123810098470016782812308520078659057617
50 962 0.1642501068586234846957694344382616691291332244873
50 964 0.15235419112749051806510180995246628299355506896973
50 966 0.1410838780941173209448891157080652192234992980957
50 968 0.13042890244835014801338957113330252468585968017578
50 970 0.12037680456113629412495669157578959129750728607178
50 972 0.1109131806672202513741609664066345430910587310791
50 974 0.10202192979774563075245907839416759088635444641113
50 976 0.093685494968494570366956963880511466413736343383789
50 978 0.085885096466553331739923748955334303900599479675293
50 980 0.078600955416186807367395772416784893721342086791992
50 982 0.071812506128341016542471209049836033955216407775879
50 984 0.065498596048322407781050458197569241747260093688965
50 986 0.059637672407052567946639243245954276062548160552979
50 988 0.05420795495022982801724964474487933330237865447998
50 990 0.049187594365414401276215272673653089441359043121338
50 992 0.044554816247595038780637821673735743388533592224121
50 994 0.040288050639417115339480091051882482133805751800537
50 996 0.036366047352584821017451588431868003681302070617676
50 998 0.032767977422712653290393092220256221480667591094971
50 1000 0.029473521172718151334146696740390325430780649185181
50 1002 0.026462943459575481025547460944835620466619729995728
50 1004 0.023717156759150787026513285127293784171342849731445
50 1006 0.021217772804402488390218550762256199959665536880493
50 1008 0.018947143535552643522912319440365536138415336608887
50 1010 0.016888392149073332137998448843063670210540294647217
50 1012 0.015025435046503431493758462522691843332722783088684
50 1014 0.013342995487156925765726001031907799188047647476196
50 1016 0.011826609740854882729665931151430413592606782913208
50 1018 0.010462626520996670329011202227320609381422400474548
50 1020 0.0092382004548558199069629992550289898645132780075073
50 1022 0.0081412803191219223347685485236979729961603879928589
50 1024 0.0071605927349541022633450104706298589007928967475891
50 1026 0.0062856219798564701845000612934200034942477941513062
50 1028 0.0055065865339024248209520706609509943518787622451782
50 1030 0.0048144129366104841671880620879164780490100383758545
50 1032 0.0042007074884380206369893784312807838432490825653076
50 1034 0.0036577262881343475774131857036763904034160077571869
50 1036 0.0031783440548119545020211429431356009445153176784515
50 1038 0.0027560221417000326828150580382725820527411997318268
50 1040 0.0023847761076721315370852138926238694693893194198608
50 1042 0.0020591431731272688554490457590873120352625846862793
50 1044 0.0017741498487609528352665355654949053132440894842148
50 1046 0.0015252799894614379582619134723131537612061947584152
50 1048 0.0013084434912241157001472346976811422791797667741776
50 1050 0.001119945816497754619012194865490528172813355922699
50 1052 0.00095645850307922236025609530329916196933481842279434
50 1054 0.00081499078344961597454576551768923309282399713993073
50 1056 0.00069286241533780812667381310276937256276141852140427
50 1058 0.00058767780039616437665755954711244157806504517793655
50 1060 0.00049730144604130058910707035124687536153942346572876
50 1062 0.00041983480582416580996138466552736190351424738764763
50 1064 0.00035359451602245598302379225863489864423172548413277
50 1066 0.00029709203048092550341480189146636803343426436185837
50 1068 0.00024901464197589343648603366077054488414432853460312
50 1070 0.00020820786646124679348385244637142932333517819643021
50 1072 0.00017365915637965531745021130483053184434538707137108
50 1074 0.00014448290070126493180209525934998282536980696022511
50 1076 0.00011990666236531289377039571908412085576856043189764
50 1078 9.9258598257740809347668409223786056827520951628685e-05
50 1080 8.1956002622892950345429019520793190167751163244247e-05
50 1082 6.7494911793042911278724116375116182098281569778919e-05
50 1084 5.5440706184324359945530397153490298478573095053434e-05
50 1086 4.5419644553609107948555917433353101841930765658617e-05
50 1088 3.7111265416878367055970866505987260097754187881947e-05
50 1090 3.0241591185211791229046213169695533906633500009775e-05
50 1092 2.4577071874364646796549960239275378626189194619656e-05
50 1094 1.9919207084198713592895421675699196839559590443969e-05
50 1096 1.6099787228222892738940114076839904555527027696371e-05
50 1098 1.2976697632251147469188007343987578678934369236231e-05
50 1100 1.0430232028827644605154835455440576197361224330962e-05
50 1102 8.3598650764726657123307104746423590313497697934508e-06
50 1104 6.68143675971192540352780117607345289343356853351e-06
50 1106 5.3247048170056023071584731798377987388448673300445e-06
50 1108 4.2312246451048175424755268259069396208360558375716e-06
50 1110 3.3525193940222150583961319841863613078203343320638e-06
50 1112 2.6485061582206637591620571048345311737648444250226e-06
50 1114 2.0861472541831568135661193613694663895330450031906e-06
50 1116 1.6382985271600281376150245321587917146644031163305e-06
50 1118 1.282729430701836514119818996593203053180332062766e-06
50 1120 1.0012922573701614674612997771263600554902950534597e-06
50 1122 7.7922035843150128153809883674307812384540739003569e-07
50 1124 6.0453746912935364669390439842922013724546559387818e-07
50 1126 4.6756235305070640800067702756714904666068832739256e-07
50 1128 3.6049489564998729157000432500590481055269265198149e-07
50 1130 2.7707151764850994697227874567768690639013584586792e-07
50 1132 2.1227935011175952908790167100033796643288042105269e-07
50 1134 1.6212002260940934069026789741962968349753282382153e-07
50 1136 1.2341517321240178587189370833926416182180219038855e-07
50 1138 9.364690431875821860065130025282953418752640573075e-08
50 1140 7.0827391955582593555104989856141539661393835558556e-08
50 1142 5.3392719157860451889881920044950147641316107183229e-08
50 1144 4.011675700149891062280349627450215521662357787136e-08
50 1146 3.0041570475950043657301856111010995853405347588705e-08
50 1148 2.2421390780469886787019750213831303931044658384053e-08
50 1150 1.6677680518408733718141535103292316666312444795039e-08
50 1152 1.2363232740302669029295829590444494305856437676994e-08
50 1154 9.1335973081107109884774187223699382087716003297828e-09
50 1156 6.7244263968777437065512848240501908581023826627643e-09
50 1158 4.9335822041758018251923447643550457719641144649358e-09
50 1160 3.6070605052244068902284570605912619734034763041564e-09
50 1162 2.6279593059555960568157051860261469444779436344106e-09
50 1164 1.9078676065868264060252414973314905033419108804082e-09
50 1166 1.380169689832090468889244002097423102970452646332e-09
50 1168 9.9485932923829355448775290136432039589386988609476e-10
50 1170 7.1453929892698035792829772654003242515763361097925e-10
50 1172 5.1134751462831103543165118619027303958901597980002e-10
50 1174 3.6460458633968927708371665428576779283131870101897e-10
50 1176 2.5902067995824907247301402072995907960306638528891e-10
50 1178 1.8333420352913555177323358693871387797846850276073e-10
50 1180 1.2928249815658438456600273803456194882111063293451e-10
50 1182 9.0826717733130354244188153710576165422718730724227e-11
50 1184 6.3570501725504170999755803890524487667623709796771e-11
50 1186 4.4325771982818507905476474845977031408184032557074e-11
50 1188 3.0789750466313844258694274981990809947340892449574e-11
50 1190 2.1305699214123408525891783303400325074589138907299e-11
50 1192 1.4686414153818152004614972232394987106118833253277e-11
50 1194 1.0084554818077986872336404354568584066167979962358e-11
50 1196 6.8977797380271717038858912498777280772679909581768e-12
50 1198 4.6996360092333265131261904114470698105854307158324e-12
50 1200 3.1894231242028234067364022249347675175105976119738e-12
50 1202 2.1559754130475463553115906010969747195159251784702e-12
50 1204 1.4516100963438584295269291970438144199605917661344e-12
50 1206 9.7346750255663176471104067233761241210131254231186e-13
50 1208 6.502031299438771541634783075865329613103604788904e-13
50 1210 4.3253735555268450329865666526903239768979403390148e-13
50 1212 2.8657350053379646212320372577644382112082785396545e-13
50 1214 1.8909375424839222861656418779593403662882093729802e-13
50 1216 1.2426190907787172495506221139606563622342222386052e-13
50 1218 8.1322271929587003350259299299113457438776403352065e-14
50 1220 5.3000824005610408466155766159261868391942840172959e-14
50 1222 3.4399204461008156469851696890771260576636671191242e-14
50 1224 2.2232990719467491937142756466773427465808939465508e-14
50 1226 1.4309424475447424247822198130057399989095929040972e-14
50 1228 9.1709083053872471533404582916293544175492932421512e-15
50 1230 5.8527447278849570801621765351556133810345216965387e-15
50 1232 3.7192471059746167114069663577865971269104886781642e-15
50 1234 2.353368356108906230615900023485670042577697818123e-15
50 1236 1.4827073676294791600234099831844046554053486624072e-15
50 1238 9.3012840940557267894346093399848524643815637392985e-16
50 1240 5.8095648095543146909401614438363281884369042221486e-16
50 1242 3.6128410289951966687427063204954238742776565472548e-16
50 1244 2.2369178194291665107675339831378664533421377243194e-16
50 1246 1.3789182850362942025139310301840023425544523116935e-16
50 1248 8.4626385100088370784329143496030372283671908877414e-17
50 1250 5.1706277851822347796195848333127689714313274867586e-17
50 1252 3.1451581732831355215302431367405748448109126317847e-17
50 1254 1.90456139856275543169568831933111421884102769798e-17
50 1256 1.1481332980184293212812883137660037415984853200975e-17
50 1258 6.8901093000785293664584772925538621220328835684156e-18
50 1260 4.116120020551327516309283349274431896591231579629e-18
50 1262 2.4477652423107676483807768496273003394034607114137e-18
50 1264 1.448982201309201663810359403890397973666544667049e-18
50 1266 8.538069241052948609275852170833160203389388997565e-19
50 1268 5.0078516456250453814745685108805267350675277019631e-19
50 1270 2.9236829178355933666993867495086027251277329729523e-19
50 1272 1.6989791169741433585702511050895572625076945100231e-19
50 1274 9.8269045650729228174007727820817670992467184350624e-20
50 1276 5.6572893072869364484769975863776939090730860576349e-20
50 1278 3.2415675249583239454497825117398225325242325384711e-20
50 1280 1.84862546365785030770495724491140025309862248204e-20
50 1282 1.0492576993234741320915942451526656794890054638271e-20
50 1284 5.9271653304778965709210478697259841581784674830161e-21
50 1286 3.3322371179508690635432541594182271620101073129517e-21
50 1288 1.8644087965811692387519682765834172141868838983431e-21
50 1290 1.0381384262717352119475458444195399264941115930374e-21
50 1292 5.7526882454660693361837672465910378120415565751545e-22
50 1294 3.1723458006632036076848613391342131035534104359289e-22
50 1296 1.7409130061042693324135688609047302645659819716604e-22
50 1298 9.5072156065706368912158752916649951884721837232749e-23
50 1300 5.1665699029944820947910808330668089961088743751605e-23
50 1302 2.7939398834826371716730694156393901901877233185576e-23
50 1304 1.5034562721353030408144653304237760808541800284553e-23
50 1306 8.050389542407656306625873136363909638035008141239e-24
50 1308 4.2893239185485103014572137573864677253646809527186e-24
50 1310 2.2740515969316884657058530690662257974942456439791e-24
50 1312 1.1996240114031141675576754975491994893526606334042e-24
50 1314 6.2967635908230128912273204481470560959825732185528e-25
50 1316 3.2886017060576544771063199082280044351272829191115e-25
50 1318 1.7089182938255008354587834470770474804464625780894e-25
50 1320 8.8357249441859887695924394125348625144885139953863e-26
50 1322 4.5453671155315150478821914649239237272444692221234e-26
50 1324 2.3264674163868680667949181457467640884135644479584e-26
50 1326 1.1847369280476732152179970134181446907214052953851e-26
50 1328 6.0026078149383354693325332447012491680646543050109e-27
50 1330 3.0258528259738196605019584771437124993296920134293e-27
50 1332 1.517549390177531464531662722094269878444177296491e-27
50 1334 7.5722250242773085545929295259071007099056656194912e-28
50 1336 3.7591516931073415656669962422576481700435975481249e-28
50 1338 1.8567117637299319620253390963712373243544610202392e-28
50 1340 9.1241969745019970851199648935353565504714020476564e-29
50 1342 4.4612440685747033374617772069148978361112998405924e-29
50 1344 2.1705010925041645167353896589053081179711441511627e-29
50 1346 1.050917994129873890076020354788667649672712797499e-29
50 1348 5.0652880096643098156584174531679422684744646471961e-30
50 1350 2.4316704299440771017226687687101747156363425100812e-30
50 1352 1.1639644944677009951889372879280121398897257968707e-30
50 1354 5.5671135711942124587031836189738868701834802519086e-31
50 1356 2.6715789209526805195397167868926287559145588195132e-31
50 1358 1.2964744460391524436103924346819395497014917539826e-31
50 1360 6.4534849078044962952197187367970013741776981826912e-32
50 1362 3.3727442633838852695664376864745853901069854020571e-32
50 1364 1.9100649288247949742757364949537216703736100587201e-32
50 1366 1.2074989293616565963151245772660447313837243375323e-32
50 1368 8.6097405520788422670377799677378576849451307202703e-33
50 1370 6.8111117248668365699752072636745717351303162237042e-33
50 1372 5.7955880833400503338035445313907175539419531886235e-33
50 1374 5.1526209440932098615241792286731673593837224052893e-33
50 1376 4.6919698051574686668310718312104623929774322728147e-33
50 1378 4.3255162578881525040175700900648860987802321381199e-33
50 1380 4.0122658963875710706961249649666442388323393571769e-33
50 1382 3.7328853839135756870473593662972266656058352685677e-33
50 1384 3.4779724083673399133109211690861756731692317316719e-33
50 1386 3.2426778284540241289994365540558202144056013627811e-33
50 1388 3.0242509753744525069377349378847716938528319920316e-33
50 1390 2.8209233560378504245617503021551201346897714518457e-33
50 1392 2.6314021564602225262234469239225785898733109012535e-33
50 1394 2.4546402846257840809226575733435817616083515306941e-33
50 1396 2.2897312896460007416015310510918741715051519764092e-33
50 1398 2.1358604777474796184832754607328857194887809930332e-33
50 1400 1.9922812724348076204506993076495335167461065120904e-33
50 1402 1.8583029316606161536629461929939143808572148767682e-33
50 1404 1.7332834163034286491675979859925207532320348192184e-33
50 1406 1.6166246452828873480323687934612572201034111632387e-33
50 1408 1.5077689070503070662522104047248286298726053699907e-33
50 1410 1.4061958785070359659378387292632148425357098943817e-33
50 1412 1.3114200038198240100536628579417414170082476130138e-33
50 1414 1.2229881186152286961973389666732343727516085914068e-33
50 1416 1.1404772637181048845385081450983063006652370487453e-33
50 1418 1.0634926586023359861486709346084607313268646072493e-33
50 1420 9.9166581640276868705928400697959663884977743126453e-34
50 1422 9.2465278775229397447988866964013982842353949627229e-34
50 1424 8.6213252337927356159060657894127371871976623373682e-34
50 1426 8.038053468622572025593659940556713983528924339353e-34
50 1428 7.4939152985797709776555766141374784721603351560518e-34
50 1430 6.9862996278438683101530776162650366962679206718926e-34
50 1432 6.5127691447906393514370457360954725169451740365553e-34
50 1434 6.0710487481999548062523361774746134530662533943627e-34
50 1436 5.6590147471553588181226266362593705764684886900914e-34
50 1438 5.2746847825493695720368494133872142278138868900429e-34
50 1440 4.9162084216636630334297479802989915271087266924815e-34
50 1442 4.581858380593151324034895075714837698364070079956e-34
50 1444 4.2700223323518048850669081915676536604832479742035e-34
50 1446 3.9791952613546586304066309473111541645370168932197e-34
50 1448 3.7079723276307279710344124401760229055948938060615e-34
50 1450 3.4550422065995504603867304469470537411683785414439e-34
50 1452 3.2191808725526857928841525101132257475285032321497e-34
50 1454 2.9992457961324683850830556535141344515583984652394e-34
50 1456 2.7941705281045813794674954960505395685666909954262e-34
50 1458 2.602959643588724942338239423476807040526257738621e-34
50 1460 2.4246840226522270950987163317761020092604733054939e-34
50 1462 2.2584764447935919785244257716513428669976403205221e-34
50 1464 2.1035274763549394981297019746136385869751393935628e-34
50 1466 1.9590816313115514636948519813426430063076894370819e-34
50 1468 1.8244337872003738975257786426070517066593823853669e-34
50 1470 1.6989258391739421428411977960864642427099040846215e-34
50 1472 1.5819435763078189536548354405387857819356172528224e-34
50 1474 1.4729137653540069892388232681581576141674043386812e-34
50 1476 1.3713014281251820576623115242169373963083883756695e-34
50 1478 1.276607299619899891467346533514766515178310766897e-34
50 1480 1.1883654548617545633948517496552769936638642706543e-34
50 1482 1.1061410932300708205126391908451485648384620024988e-34
50 1484 1.0295284698100575237098264882112149354867570125113e-34
50 1486 9.5814896399013862291132404322208087310051440118264e-35
50 1488 8.916492761868385885328787792509041291399019483064e-35
50 1490 8.2969974418635644909365494033138075558646425460173e-35
50 1492 7.7199277115979123374124254780587765301746034882108e-35
50 1494 7.1824135793862704372292877252297192004347490995668e-35
50 1496 6.6817773263121367334712736138536579018021952468174e-35
50 1498 6.2155207112189665450249518516260391912133739198667e-35
50 1500 5.7813130242451715000906989931655508669896838164534e-35
50 1502 5.3769799326318463861354329451244412964556221345243e-35
50 1504 5.0004930662760387071752330884398453470414171936935e-35
50 1506 4.6499602939949741400363541263058505053891337618503e-35
50 1508 4.3236166447261940212360350263011373840238477431757e-35
50 1510 4.0198158309297085897851712496420815987121100676256e-35
50 1512 3.737022334296625024367934069489248175496478130262e-35
50 1514 3.4738040165172534296427609494304205720810482788417e-35
50 1516 3.2288252203337249193733983929134916988873401227514e-35
50 1518 3.0008403284091217995441202768992531464986660628834e-35
50 1520 2.7886877496984172412637035705824944158602013391255e-35
50 1522 2.5912843050163179480754102249277849062223952968345e-35
50 1524 2.40761998537306181335090824356204346705776638388e-35
50 1526 2.2367530584003487768924801450500447735642750934652e-35
50 1528 2.0778054998241807711013276341847980595885168888525e-35
50 1530 1.929958728467340451985059292808376419437017955902e-35
50 1532 1.7924496246887484997270608446914119622828098049822e-35
50 1534 1.66456681349683696684691968699307416687359675789e-35
50 1536 1.5456471948156638283308043101315152249967564021744e-35
50 1538 1.4350727045416740810894525533824337403891845072861e-35
50 1540 1.3322672911113001651355335924672586343892863268322e-35
50 1542 1.2366940933101050748932045994787661014660003103636e-35
50 1544 1.1478528059976986322917634983925023949258074841643e-35
50 1546 1.06527722130365382975941775907366423934750450226e-35
50 1548 9.8853293367231269607013249471465663198682187316049e-36
50 1550 9.172151979025380149682171495860448279224040202485e-36
50 1552 8.5094693004580573606047628749911283316781318251702e-36
50 1554 7.8937684169588789102083129470309733071289142952993e-36
50 1556 7.3217769882893827948469526645631082297014640425456e-36
50 1558 6.7904469693697763439817298896013483837842215320447e-36
50 1560 6.2969394474333436368175671924377807251814258147067e-36
50 1562 5.8386104929811652553543308117448474891772395155744e-36
50 1564 5.4129979572761871962629383913724436711938372145319e-36
50 1566 5.0178091535599041551298419854059512393193894544435e-36
50 1568 4.6509093633253805365476232452201224071297466405661e-36
50 1570 4.3103111128569772981649105723171119005958151991621e-36
50 1572 3.9941641688676216804672717377436252946038551715508e-36
50 1574 3.7007462054462265469902653771232986055428006845144e-36
50 1576 3.4284540976862159895228704292761273183798006930528e-36
50 1578 3.1757958003162734529621593268187296764423261806996e-36
50 1580 2.9413827724097841127832465694166984790810614290297e-36
50 1582 2.7239229118231399196276401557298985099819588073535e-36
50 1584 2.5222139654170358113731042187573686876070763647635e-36
50 1586 2.335137383360149606055220438415784110083821313442e-36
50 1588 2.1616525879119900580497092640921809973888369881975e-36
50 1590 2.0007916290405865275908790989109369969045371783603e-36
50 1592 1.8516542010605790198705688013976696485345246149649e-36
50 1594 1.7134029961863356729406485443728954657477148475824e-36
50 1596 1.5852593724912172493185267590163996558093259616645e-36
50 1598 1.4664993152552319246099401896691199326336625397184e-36
50 1600 1.3564496720762057617638352125356087934320075814466e-36
50 1602 1.2544846434205220566452846577498968801008542363312e-36
50 1604 1.1600225115047064997286760187893352726295939074078e-36
50 1606 1.0725225915341293101923004756969541185214715799036e-36
50 1608 9.9148239038528069641682895253563978105603551523666e-37
50 1610 9.1643495880827351429539903436818445039512960895391e-37
50 1612 8.4694642415111483828599385026565837899933462169124e-37
50 1614 7.8261369147113757483199269579735603763569642016981e-37
50 1616 7.2306230170580471709170656071580741538954610916936e-37
50 1618 6.6794443632867131905686144823921135754071229677224e-37
50 1620 6.1693705862009002299118836798676808687121379188341e-37
50 1622 5.6974018233956518004164464808016188732866525929012e-37
50 1624 5.260752592005671784207929164564392730837708439158e-37
50 1626 4.8568367712193188587916306154485137740544334340861e-37
50 1628 4.4832536176541651033310711846417300541329286526982e-37
50 1630 4.1377747436899481684901404645444874894782230139712e-37
50 1632 3.818331993524357003540801952655200609441111095122e-37
50 1634 3.5230061560775843964443458705932322416701948159292e-37
50 1636 3.2500164579435111436509984044848365223765298991148e-37
50 1638 2.9977107833875573380683651827444194222722280288429e-37
50 1640 2.7645565719417039125962693030765525766613777561066e-37
50 1642 2.5491323474621215940711255421512504128403419176867e-37
50 1644 2.3501198356101531874854384677330297965491168631101e-37
50 1646 2.1662966296072242301754859695304144609583983394462e-37
50 1648 1.9965293668123357709034201272810217953841662429224e-37
50 1650 1.8397673811897198752413384538723872556355994107051e-37
50 1652 1.6950367990856781750662160380405814627373749482967e-37
50 1654 1.5614350479288811169709180732067071773328875551484e-37
50 1656 1.438125749517464968657970854666141514910745677765e-37
50 1658 1.3243339714690644576750129091959981220902826590307e-37
50 1660 1.2193418121952065128291953437280103437650466118935e-37
50 1662 1.122484296427848915006250206079472746313500202152e-37
50 1664 1.0331455598810156476126724029563107047923433961826e-37
50 1666 9.5075530308188552120437618314427398246747719150342e-38
50 1668 8.7478549576011426810927882546235951313134553827091e-38
50 1670 8.0474731444809285815317620241565018559489369632135e-38
50 1672 7.4018829712416274988503376426793060201419986779942e-38
50 1674 6.806896998312243394306095231065204880851115893706e-38
50 1676 6.2586404122982524298371869078214015396028455525736e-38
50 1678 5.753528220026011180449598382122230666644010584507e-38
50 1680 5.2882440692048319959194977584904423130498022188821e-38
50 1682 4.8597205821454173322981044191554434363391241247063e-38
50 1684 4.4651210967480258970966280732685147304456077005072e-38
50 1686 4.1018227162245552838998707803152232530987404123201e-38
50 1688 3.7674005757815487126689683751379894743853912622621e-38
50 1690 3.4596132407974367354860206482905348622707542578641e-38
50 1692 3.1763891569082428906924513079764974030605044643353e-38
50 1694 2.9158140778992749805344297716774073919706066926097e-38
50 1696 2.6761194024127039389714908465169299547504441894905e-38
50 1698 2.4556713552471837756224211934732119095292289606018e-38
50 1700 2.2529609534686284386022528473467290517544719696815e-38
50 1702 2.0665947016927904880309282399669792033541742993749e-38
50 1704 1.8952859647602439350075720574321072032911045085751e-38
50 1706 1.7378469696218360749504271797044274411105822111475e-38
50 1708 1.5931813916049846276651462608828424412432328637104e-38
50 1710 1.4602774833549310016598147432972054723369611465617e-38
50 1712 1.3382017076553807465600140696919673589737074062506e-38
50 1714 1.2260928380443390211918278131183964294048550908324e-38
50 1716 1.123156493666556906221926764726184460426918104146e-38
50 1718 1.0286600771564328990818512588057327496413441907245e-38
50 1720 9.4192808653601508327630604006295789237818725971728e-39
50 1722 8.6233777415278659096101873384113376314611826483693e-39
50 1724 7.8931512758135610971736108714023763520533602354995e-39
50 1726 7.2233114918146222199027791095786960429208377560953e-39
50 1728 6.6089841264482572522470643650716630723806443920296e-39
50 1730 6.045678764094218582167720145707892254165576327395e-39
50 1732 5.5292593522208638414296871580843649536443933680328e-39
50 1734 5.055916924698615348739005897540444402657533105075e-39
50 1736 4.6221443712478469511322310758758421212881913570116e-39
50 1738 4.2247131029284274422186926073037936063290799543832e-39
50 1740 3.8606514742531328361578692926668438342435360158968e-39
50 1742 3.5272248324980001681538954523136882146023996189061e-39
50 1744 3.2219170741910452169429805831693951181745421493152e-39
50 1746 2.9424135977007449229306242467443631145594093045924e-39
50 1748 2.6865855494369530143728863749641266253352818249731e-39
50 1750 2.4524751355264444063222361157626586119548028004265e-39
50 1752 2.2382823955913850240619881637591045895628761491835e-39
50 1754 2.0423525505442878363247623951330151669111715613484e-39
50 1756 1.863164542403804047249767567877457812860278471156e-39
50 1758 1.6993204107337564516270698358366643477047000495885e-39
50 1760 1.5495355370197426107121244177987998547171707641001e-39
50 1762 1.4126297597472907686565876419219516869611930510295e-39
50 1764 1.2875193658518497719009863263090689241762949113225e-39
50 1766 1.1732099185923623327317286193458534916913866557098e-39
50 1768 1.0687897801973055578353503302636422100880691853988e-39
50 1770 9.7302040837560951037565230063175766750847705805042e-40
50 1772 8.8595910326674009995499075621112548906447354406991e-40
50 1774 8.0648951075580681184473307127268542238705091760811e-40
50 1776 7.3397069570975950587327296572863818520220163085467e-40
50 1778 6.6781441906877649710960619415513338806032249818632e-40
50 1780 6.0747987551311883042496473722935963158268394195086e-40
50 1782 5.5246945151165813986819705461756710845964529848138e-40
50 1784 5.0232549215805120912193338993419603341752770942317e-40
50 1786 4.5662772959639127988915175852346164145646627934077e-40
50 1788 4.1499092242014541781736142907702580162977980213261e-40
50 1790 3.7706241553490376257972113003532448443623222847445e-40
50 1792 3.4251959028429581302622409341917038552793207518619e-40
50 1794 3.110673404698639486337312703704435987697500400106e-40
50 1796 2.8243571497517967406320684943603157539367673598926e-40
50 1798 2.5637773593332818927759665163396092839719876900611e-40
50 1800 2.3266765082346882291843280688302541521820498724326e-40
50 1802 2.1109893577021974302467620899924925251127821176972e-40
50 1804 1.9148280886898595426462656141574826576372524614131e-40
50 1806 1.7364673259171396443901143403696064011238057232951e-40
50 1808 1.5743304571348971415555893383444944641852619864589e-40
50 1810 1.426977103078227506823342726826405915425756224722e-40
50 1812 1.2930916296592876968774636079762871963991648806319e-40
50 1814 1.1714726099791173252922543371190790274965940171339e-40
50 1816 1.0610231548696964294187159113290161116091298475481e-40
50 1818 9.6074203994888346255923972630647145868350702140796e-41
50 1820 8.6971554293541820531571712317638455942654231151396e-41
50 1822 7.8711000873287475889545656771915186216121597220352e-41
50 1824 7.1216496009307752748317122654214076435315357181797e-41
50 1826 6.441868123842045187649540975896482289852956332794e-41
50 1828 5.8254310011764531470975755314944296952304400127844e-41
50 1830 5.2665719195142994041924813586096604907805313368814e-41
50 1832 4.7600347299380241341177942854742588625755983580167e-41
50 1834 4.301029837355738077297668977620906562600965540567e-41
50 1836 3.8851950233085454717002517954255215574169645306426e-41
50 1838 3.5085603295049119371685779481478542336300195240935e-41
50 1840 3.1661843804025276332949230032772734290717885526974e-41
50 1842 2.8575240210008545972499318058876391221802210559122e-41
50 1844 2.5781959665447292633911934987953025488573445859664e-41
50 1846 2.3254950257801255482017470020368383780628214740654e-41
50 1848 2.0969607092672899033724017836926321712427742208549e-41
50 1850 1.8903515954700424177760185345497519935950159076738e-41
50 1852 1.7036237120522588251048745479630023193856107538903e-41
50 1854 1.5349134006874114991224373729526804715781146389816e-41
50 1856 1.3825236013604281527237256415991625247148254330434e-41
50 1858 1.2449116870812074862653691601127936355139879100702e-41
50 1860 1.1206774065067173241280071522203472947434705528759e-41
50 1862 1.0085506154283362555153991665792487499657432929616e-41
50 1864 9.073793230809502994716488510707297115749563408326e-42
50 1866 8.16118665415398657877022378128843643588644196156e-42
50 1868 7.3382102679153762749099126008331565877780350471672e-42
50 1870 6.5962709226140125513157396998015336412024844246903e-42
50 1872 5.9275818572376791531711835368597327611450724779361e-42
50 1874 5.3250845375371785723550922047648190137127268573364e-42
50 1876 4.7823844188782821981698800553964166646136183647595e-42
50 1878 4.2936897288734092464036424479364593603018195842399e-42
50 1880 3.8537559285272751300916060972043999047094578904944e-42
50 1882 3.4578352393525783166916977282731206379224212723293e-42
50 1884 3.1016307416093773180972539968161583438222905737622e-42
50 1886 2.7812545911736133985509143472613545170518331034217e-42
50 1888 2.4931900744377356116928711373541144180935354979843e-42
50 1890 2.2342570012621122184419249521688216833385601360639e-42
50 1892 2.0015802603087517771551895416212690855420664601284e-42
50 1894 1.7925611980818145950765486687053066904795984837154e-42
50 1896 1.604851590833111574702488173898235884551720340017e-42
50 1898 1.4363300145410947068005388906652706452751493877536e-42
50 1900 1.2850804687114896828684563097720740883690074155477e-42
50 1902 1.1493731435951556255766631672829652017883694703775e-42
50 1904 1.0276471988119651841535239908782605315721748556764e-42
50 1906 9.1814705361529705970178248642355494563427326116621e-43
50 1908 8.2032515544559897790131691942706456265386728903e-43
50 1910 7.3266698973039422448898427424224992799786328209565e-43
50 1912 6.5414517864624519147793786406098589614404850795964e-43
50 1914 5.8383440718979210004380084856307408003698208146308e-43
50 1916 5.2090040148790090222590427678494275349067554314179e-43
50 1918 4.6459031873195956106039007983724719656881402925983e-43
50 1920 4.1422480123594424066768085132682104526497085488133e-43
50 1922 3.6919143450142397191932059037379779594176579611567e-43
50 1924 3.2893899182098908094043905957543103323497005586165e-43
50 1926 2.9297193136474442369340285248935254536013383156053e-43
50 1928 2.6084500774711364514177237340527328958032653253793e-43
50 1930 2.3215818191690593921617277338382781262311892972964e-43
50 1932 2.0655203375940557410992436129738422598681266872961e-43
50 1934 1.8370371306543027662309964637334592147609667824861e-43
50 1936 1.6332333692498262613002523318214397399766669576991e-43
50 1938 1.4515073602210260377811868145047819620042124408434e-43
50 1940 1.289524844580207651853916888033206557498091180238e-43
50 1942 1.1451927234840622274770244477672694011444360741227e-43
50 1944 1.0166340916082395871691925028690189243840690503749e-43
50 1946 9.0216677412745278098844234386394127660278169688541e-44
50 1948 8.0028358253894922064993376824535965354888328601542e-44
50 1950 7.0963455074402569323245688567682405363190036766207e-44
50 1952 6.290109436963542088951698375433242074706414676819e-44
50 1954 5.5733084453663723889371174990510945180994682658188e-44
50 1956 4.9362617532244090727278601970920542188702774054473e-44
50 1958 4.3703100571045429764600721146715744003907760554411e-44
50 1960 3.8677102468069539695725797264024478824896706036057e-44
50 1962 3.4215406529174705652328680661445800556599601270882e-44
50 1964 3.0256159045990154572404647703535603475987971325324e-44
50 1966 2.674410649927823632298567346449060308965523874806e-44
50 1968 2.3629914811598629282256870719421350763097798676242e-44
50 1970 2.0862610880284122926391105269508371568430072325781e-44
50 1972 1.8417413330488916501603760503596497646028844733268e-44
50 1974 1.6251798616216027677999098234004940082649356501979e-44
50 1976 1.4334627446470068691613691390375785156112001471819e-44
50 1978 1.263816541972961718964650353637301407008398304581e-44
50 1980 1.1137694678320578354767925677425778073912135384975e-44
50 1982 9.8111711742573493232883677499595419715585769082769e-45
50 1984 8.6389354357476023083728224454221111744512641589768e-45
50 1986 7.6034713709010680778772527010301948175764586508074e-45
50 1988 6.6891957660074350355025935366338947172423079587344e-45
50 1990 5.88226187637843078897618734308457430921951535678e-45
50 1992 5.1703721834068096053894746278879178948206786673677e-45
50 1994 4.5426054798514225450093663632162512972453471692433e-45
50 1996 3.9892636078849574607397577096942025301669042828983e-45
50 1998 3.5017374646258957132269671586367260922681317554142e-45
50 2000 3.0723884776766790279529703197550254869779438437301e-45
50 2002 2.6944424748846556034351108875761119698501200660558e-45
50 2004 2.3618944804119441195562802947108431044487566206756e-45
50 2006 2.0694235557054291902089188168131776102950821692135e-45
50 2008 1.8123166645820777566148642319537201814569793628867e-45
50 2010 1.5864015369157884775512775115535484095980693198002e-45
50 2012 1.3879855438995971281747706371893536715903598583417e-45
50 2014 1.2138023670701118147769895764968177712788360316811e-45
50 2016 1.0609640201979608095387293570187971228904141764797e-45
50 2018 9.2691813454071566366528724734446963189460667865538e-46
50 2020 8.0940992835284550623875623855408058516336367823013e-46
50 2022 7.064483601869032260829507442170633365286089376673e-46
50 2024 6.1627602026245955796309579780266380788474408587577e-46
50 2026 5.3734236753030818913946580099122845753308200054577e-46
50 2028 4.6827997573161673497256827666834215116249677415364e-46
50 2030 4.0788350152867795601836369234932618368144347934363e-46
50 2032 3.5498703162804627137499588879529369332548400757637e-46
50 2034 3.0887380105629989624960034109317798169577422374125e-46
50 2036 2.6860693067499871949761454016997871932674635008984e-46
50 2038 2.3346379945847574397782817490250395012976428958957e-46
50 2040 2.0280936466897695419916972669601816922781778351717e-46
50 2042 1.7608538638492149126146167878573781875332282591384e-46
50 2044 1.5280091796936742114498646147386278642925354199291e-46
50 2046 1.3252421714824614777419067216304803392650439117249e-46
50 2048 1.1487597090579954440481001851736226661994945986541e-46
50 2050 9.9523432836931526064909784419168788437500263668505e-47
50 2052 8.6175063520619951047688651880846748553951368462791e-47
50 2054 7.4575549173438217958375806906916739434557009126353e-47
50 2056 6.4501317303807845458954905838731160786310016598928e-47
50 2058 5.575663993266985669208779221066410778542131999317e-47
50 2060 4.8170260566352221444445637392652881237814639785557e-47
50 2062 4.1592429589921304792723311663201582355768612240417e-47
50 2064 3.589227932144247657360867410988847262903154580365e-47
50 2066 3.0955504131593991711430366826062116218021669966027e-47
50 2068 2.6682315968854583300990449538997678080160103886928e-47
50 2070 2.2985646534100905227944843272271117147950577354419e-47
50 2072 1.978956644302482335019945195392936416925704368853e-47
50 2074 1.7027901905975558487972351856758251030290602212787e-47
50 2076 1.46430081774791324981235401739696459839114695114e-47
50 2078 1.258470126963700284269542905414813460578707346512e-47
50 2080 1.0809316204142467363380156933794868260760034383435e-47
50 2082 9.2788809696408743328169294126265256338341300867701e-48
50 2084 7.9603923439505563649429161999828902755108998125251e-48
50 2086 6.8251815775272328452709770166155959174478854375757e-48
50 2088 5.8483596130127432734938390869669969994424053212156e-48
50 2090 5.0070608383908898559624715128443039254582165604355e-48
50 2092 4.2852454834914688471356496894897409638242760324748e-48
50 2094 3.6652765354297441976948193821646136818573794490509e-48
50 2096 3.1331217461294763004026641429498719088921414213262e-48
50 2098 2.6766428919168913188401120821526258709251894061361e-48
50 2100 2.285340471930286688373299453647188476794170198332e-48
50 2102 1.950130580836152478940991635150242878129093579772e-48
50 2104 1.6631556202270182262029958432787437871712981787201e-48
50 2106 1.4176261396845262084658607505117778697172877570067e-48
50 2108 1.2076851202796700868361796110572171745716592917026e-48
50 2110 1.0282860198776523761105654064026020623020316244884e-48
50 2112 8.7508237645018764496856414105543984241008881840319e-49
50 2114 7.4433136996160185450209467416308104048497877243341e-49
50 2116 6.3281175547187738088758152476973947285438824545336e-49
50 2118 5.3775338103014715007188725115887706467494121238832e-49
50 2120 4.5677581935629537543266201926219369370348471839252e-49
50 2122 3.8783495338048071392566724087781478275673538508257e-49
50 2124 3.2917659861591254626257946266650048246659417050152e-49
50 2126 2.7929635196736734816361902884763326237369668396133e-49
50 2128 2.369048908753853682793311117809848205470983911825e-49
50 2130 2.0089799209055482037398732220707197026284841439409e-49
50 2132 1.7033062318381750669277334780764479490446871041268e-49
50 2134 1.4439455117982356958418665466720980303278069900225e-49
50 2136 1.2239904549307469239881507032395740986718759548177e-49
50 2138 1.0375417001645359690847769943064233180000738249253e-49
50 2140 8.7956439817449912315372076816902592790630903159783e-50
50 2142 7.4576451068366252518598374785318517811669838337016e-50
50 2144 6.3235376493583105049594097128369602743558490493597e-50
50 2146 5.3648883709321566632827390840876489371895923044206e-50
50 2148 4.5537246433393179477226017997973271985481570040651e-50
50 2150 3.867512672170744138259986872718404951426229239397e-50
50 2152 3.2871117081965788210448067112568023389729821858869e-50
50 2154 2.7962668309269999098086484260250011897634760911275e-50
50 2156 2.3811731738536844844428295675365369384340910736721e-50
50 2158 2.03011086979369305721271598674588386785089919513e-50
50 2160 1.7331431131334875825520126253014816468267847729365e-50
50 2162 1.481859310796517883100314074261171582566112291548e-50
50 2164 1.2691474633422469406074200400297029132392026005337e-50
50 2166 1.0889939927078532068427283609480995065389730243408e-50
50 2168 9.3631498408057518072591121327197271644789755347897e-51
50 2170 8.0681534620778311578672021940026386085630361865173e-51
50 2172 6.9686904932015332274620831295873447052449528726907e-51
50 2174 6.0341703941677794495926620674022577238509053234946e-51
50 2176 5.2388011208452414730755945057046840206006394698627e-51
50 2178 4.5608466818214966089844703126278822275191983748918e-51
50 2180 3.9819965990605555840713549993632000208569622520549e-51
50 2182 3.4868318551988729112308386193107490136777945783644e-51
50 2184 3.0623728777015897343247217046670920446634022483878e-51
50 2186 2.6976968203203985776235317529944098288967344028861e-51
50 2188 2.3836135680388366897931118390792670745712404271555e-51
50 2190 2.1123917251398929758969105437869117486933684081656e-51
50 2192 1.8775271205860126080817358237735333116203485107119e-51
50 2194 1.6734327980357968868720403032439872534572922700552e-51
50 2196 1.4957483395492220310057624652023254652730865032538e-51
50 2198 1.3404662892813649360705020395951373543835696642622e-51
50 2200 1.2043234386343568861516044531768347823646346694321e-51
50 2202 1.0845711144899073264183569925516420008905300983869e-51
50 2204 9.7889225275785193644513174256181414679416289907639e-52
50 2206 8.8533083208756653083930788644786831287952399364476e-52
50 2208 8.022323822675809849983922167850684997820808890407e-52
50 2210 7.2819514068257844426877694381741814960587575724392e-52
50 2212 6.6203044533938987964878386728213346347162237997004e-52
50 2214 6.0272937601283760620273366561017301532057970661955e-52
50 2216 5.494335597591828663900045514776389962186931057112e-52
50 2218 5.014105056782176914230298868342848794681839990611e-52
50 2220 4.5803357110911698365851678128501543325490808593128e-52
50 2222 4.1876520282270279818402940180255349320752613010781e-52
50 2224 3.8314287292829255641397859727460597088181060402437e-52
50 2226 3.50767275045545122172449239648567974206689911924e-52
50 2228 3.2129245097216569991360402223036042128904281916329e-52
50 2230 2.9441755822059471730197861715271191191961112333812e-52
50 2232 2.6988000380045400672315678498596975583810297921922e-52
50 2234 2.4744970289997114212632260692117711274601961673051e-52
50 2236 2.2692426915025666785345361638037934703868629701985e-52
50 2238 2.0812498261941228250995544337620347503723218317712e-52
50 2240 1.9089340873511546461490838016001142501415552192829e-52
50 2242 1.7508729298428103178027864732083335125215710345954e-52
50 2244 1.6058338436745570183482559604700390059742265517192e-52
50 2246 1.4726743454417638013568282499633379095618781479622e-52
50 2248 1.3503799600854569835967203596029711010971971664245e-52
50 2250 1.2380357557171343549664280955368722206134434638783e-52
50 2252 1.1348139503022323193062868331625852173461170649205e-52
50 2254 1.0399633331261528469638886814188993469499586035045e-52
50 2256 9.5280055595322963551516092724063566946759830859617e-53
50 2258 8.7270294754026177195691097571971617673568793821893e-53
50 2260 7.9910207202723250579907504365336850990106541514737e-53
50 2262 7.3147787886519348441722507205407318131253473292586e-53
50 2264 6.6935382760010287734189529532331563854077637954643e-53
50 2266 6.1229266039075495101989684779971979845569157428926e-53
50 2268 5.5989270937857630433359389973284691019911019814049e-53
50 2270 5.1178463788051027257011551346901539537208527167152e-53
50 2272 4.6762854508443069435943132880018999918063901259864e-53
50 2274 4.2711139205245873002161435015345818918463197733301e-53
50 2276 3.8994471153261165532272449099145749564465797432903e-53
50 2278 3.5586255845374709573288967380495614740202329852298e-53
50 2280 3.2461966405427633038507109875004377534044963192379e-53
50 2282 2.9598976785016027131844453337182525192057070750422e-53
50 2284 2.697635985275759231496988209331597403271638956927e-53
50 2286 2.4574956123313129017609165478479936360794847746327e-53
50 2288 2.2376935155625544252968512622114851979642547406413e-53
50 2290 2.0365894045839685466271123786089119860796163200496e-53
50 2292 1.8526699398828514170172448018529420365312283849347e-53
50 2294 1.6845390841999963006917750635410557599096489217681e-53
50 2296 1.5309090469210071351480520241393254923583900646597e-53
50 2298 1.3905919505739617572404426302941889516134442650179e-53
50 2300 1.2624924857107152745089623055906527429450904995744e-53
50 2302 1.1456011878648689454504901809050326892851373741241e-53
50 2304 1.0389877946058467147841943616801138978091888204175e-53
50 2306 9.4179530265867425701273320630389597934140174830588e-54
50 2308 8.5323447901203046019656319736620589440844343940558e-54
50 2310 7.7257876336169657411300017648925459672459107196508e-54
50 2312 6.9915952439594814955148985441096886966902350622626e-54
50 2314 6.3236166453288617678479008207035820196926458245549e-54
50 2316 5.7161955713730576413996680408673747845887541688088e-54
50 2318 5.1641327984530133898431365193002116640720968102604e-54
50 2320 4.662647756858695126820822938228994199981441149471e-54
50 2322 4.207360055627765822172278416037278096863218948328e-54
50 2324 3.7942381973687957207719879481319328647762726564744e-54
50 2326 3.4195861096223015341916929747093493996160553703033e-54
50 2328 3.0800137762147807342388845265543018234916977057761e-54
50 2330 2.7724134317375398856871552557930175267634204104813e-54
50 2332 2.4939373748510034598296577632844106443415605840588e-54
50 2334 2.2419771717276020615691234595362317292130077129698e-54
50 2336 2.0141446367608726644328814782373257620215838992727e-54
50 2338 1.8082548036745862803923927600869016351175686470881e-54
50 2340 1.622309399975204324375875323012963111146050259666e-54
50 2342 1.4544817994827877958420073396741695877644180786122e-54
50 2344 1.3031031441287966804915377209453827325478312173555e-54
50 2346 1.1666495520701079256247697018498950276910904278218e-54
50 2348 1.0437302791482288760219588035166539036332916789282e-54
50 2350 9.3307675711603822319421488541100267221212556975945e-55
50 2352 8.3353226809925195897403283668766474908698544029557e-55
50 2354 7.4404359279315349664183114130721180538238416902273e-55
50 2356 6.6365095848065430840579142011308282887242523721641e-55
50 2358 5.9148111324566693238430119019385634253863356636009e-55
50 2360 5.2673979449127013644009926193631125650352951805852e-55
50 2362 4.6870502971681622222825080486145226262261914476786e-55
50 2364 4.1672093747761046988850583421776254425998630121309e-55
50 2366 3.7019199355146014453367668713702871110710940296816e-55
50 2368 3.2857789075028138077289085525054872412786600309072e-55
50 2370 2.9138870206472264115283022070102092625943899686445e-55
50 2372 2.5818046537537231210368475305902112062541446830712e-55
50 2374 2.2855113704997801689295079521541735804687702625932e-55
50 2376 2.0213688444364000523266613454070823972993588328878e-55
50 2378 1.786086726068847983297366495378807396778656013061e-55
50 2380 1.5766912573315607313379369544403654718194158790396e-55
50 2382 1.390497316973069604704928380202653357124290705775e-55
50 2384 1.2250812596704834578746138356001419981815639591045e-55
50 2386 1.0782576036275395356359404218813896422082186276457e-55
50 2388 9.4805696751973590903302783566441682564845396111972e-56
50 2390 8.3270606346501338672164710591388050604768578865847e-56
50 2392 7.3060929815678628043774274097029066316810876903169e-56
50 2394 6.4033218688029647143504756872858491060183660661665e-56
50 2396 5.6058607953993225771553295103176309589949367212029e-56
50 2398 4.9021426273300617701363117327040737709076188044805e-56
50 2400 4.2817933112787015865828670253091286666187013217908e-56
50 2402 3.7355164691850959871680169726155498316512939535078e-56
50 2404 3.2549890137059230830889369500086422240498893913847e-56
50 2406 2.8327651448992001731173623929456313969922155768639e-56
50 2408 2.4621902868289390689901552703609685156678487452688e-56
50 2410 2.1373223771122321396279691966887578292905477605608e-56
50 2412 1.852860369157828661814287294432946587138607149677e-56
50 2414 1.6040797090957288938491567048767190241929872660029e-56
50 2416 1.3867737023376299882297999027560009099351658800101e-56
50 2418 1.1972004139116780729135660994754277053127320660797e-56
50 2420 1.0320347726541186959127623545275087207677630027549e-56
50 2422 8.883251341471158796372793407478311557648688923679e-57
50 2424 7.6345412784020998352435615675575749058971059784735e-57
50 2426 6.5510333708241384504874403904429031566398308067824e-57
50 2428 5.5994728618443809296294550833169087084599477131922e-57
50 2430 4.7609764040579867491946238248689872989715412745706e-57
50 2432 4.0342367554733245025844517648550322209785042245052e-57
50 2434 3.3958545083451207326223707897049012786676175276037e-57
50 2436 2.8487353865891903907024050202708852464094224501317e-57
50 2438 2.3715837020578459698665966707274982783911264679808e-57
50 2440 1.9664448316643328095330938032790955436509817191453e-57
50 2442 1.6171761092200394082363170110218499920632247170278e-57
50 2444 1.3228551720010223045576436775740228841221479171436e-57
50 2446 1.0732037046608071924448614202149997670345561807817e-57
50 2448 8.6408746407454842315373197543910557005746340460185e-58
50 2450 6.9043053254914763963854465839919325449888155402977e-58
50 2452 5.4565860910471281988143458126110657748945047082285e-58
50 2454 4.2808848728503957534510553069372780344970354107315e-58
50 2456 3.3136634447493321929611621904126342211850693692107e-58
50 2458 2.5376382088984073406149958364288539525225358750761e-58
50 2460 1.9224317600930547309952849289976072860812772600346e-58
50 2462 1.4305004560889382594115743386022974049078060682427e-58
50 2464 1.049451412916452076141199695451900343311632675595e-58
50 2466 7.5763082603589735832076982613028424736102868574256e-59
50 2468 5.3599519778707700295368582218452606165186059547707e-59
50 2470 3.702816401963810787919650585324698303617520535158e-59
50 2472 2.4964667214060876548686444346186195169602653202351e-59
50 2474 1.6360042132359267654106949107323841459851265623651e-59
50 2476 1.036922733467218296280587986453007152909610961167e-59
50 2478 6.3171319776003438808959336186791274501865000965657e-60
50 2480 3.6703640793109866502069817400290844512079819324987e-60
50 2482 2.013622142516125001574274855177407435491515242419e-60
50 2484 1.029818828711989828549620927487289815785163171418e-60
50 2486 4.8311284559384682595555532272040209763923163786934e-61
50 2488 2.0224230715794949611445552490747316212730347075121e-61
50 2490 7.4850113812766274239451962365761741806707946428375e-62
50 2492 2.4626139620494369328586981758319922247133081664693e-62
50 2494 6.9711444289628642192499934496588813986453665328385e-63
50 2496 1.5293994600252239715957625333408229070815545449443e-63
50 2498 1.4270171977623109145266632099282917083552360519876e-64
50 2500 7.7244635559947505159793874580452722550091519785611e-79
